227855117823032 73 0 87 -13
190380777343624 74 0 88 -8
54975632310491 74 0 88 3
27870974939261 74 0 88 -7
117406094805841 74 0 88 3
89085625449269 74 0 88 7
89173615558565 74 0 87 -11
274429072234885 74 0 88 11
275243627554547 74 0 88 0
148017804986695 74 0 88 14
102985802140841 74 0 88 9
90932883036787 74 0 88 -13
98106963916546 74 0 88 9
33259643596056 74 0 88 9
244617880494011 74 0 88 10
16613945864042 74 0 88 6
30768784040529 74 0 88 -5
96146990239046 74 0 87 -12
175638474749321 74 0 88 -10
85953657512123 74 0 88 -12
90369381910744 74 0 87 11
98333414151746 74 0 88 -6
101496764021142 74 0 88 -5
192622591792604 75 0 88 13
45405994857913 75 0 89 3
77605009011304 75 0 88 14
158119896955656 75 0 89 -9
241962286468453 75 0 89 11
92528920748649 75 0 87 14
214286356790827 75 0 89 10
275917762939500 75 0 88 -11
171229343310882 75 0 87 12
257582828745549 75 0 87 -14
77672548143571 75 0 89 -10
48351107545030 75 0 89 1
78524382205018 75 0 89 6
77406517889700 75 0 89 -3
21020697341984 75 0 88 -13
71405151565053 75 0 89 5
154523821929481 75 0 88 2
195274252131957 75 0 88 -5
243742381751445 75 0 89 1
128361991727609 75 0 87 13
8076849133122 75 0 89 -5
152347935178764 75 0 88 -14
130074271045084 75 0 88 -13
56088148858043 75 0 87 -13
274949360372899 75 0 88 -13
270998959327161 75 0 89 -11
4098854533749 75 0 88 -3
167057163757761 75 0 88 11
276050036505593 75 0 88 12
177512686803734 75 0 89 -6
256548841045922 75 0 89 -3
263551201488821 75 0 88 7
98948575393182 75 0 88 -10
107503695803561 75 0 89 14
142254622004303 75 0 89 -3
33407804301344 75 0 89 0
50792651237158 75 0 89 -5
90346545020624 75 0 89 -13
203574849483188 75 0 89 -5
206642152856294 75 0 89 -2
149001273313840 75 0 89 -2
114035147301627 75 0 88 -14
23318962686524 75 0 89 5
273836318671842 75 0 88 -13
279793294540758 75 0 88 12
121296276608752 76 0 88 10
249131196419717 76 0 89 -11
90431012500363 76 0 90 -2
127139509032010 76 0 90 -7
27344432463809 76 0 90 9
251396761927101 76 0 90 11
128207580265405 76 0 88 3
254275837556800 76 0 90 7
256713740075882 76 0 89 9
23387106630335 76 0 89 9
52129432912781 76 0 90 13
192934508091319 76 0 90 10
240833558028919 76 0 90 9
147697171708448 76 0 87 12
226847501740399 76 0 89 -7
264726471455531 76 0 88 9
33558811220885 76 0 89 -10
95159023177908 76 0 89 6
179872153523528 76 0 89 1
248216362875579 76 0 90 -5
265141815605603 76 0 90 7
253516412815626 76 0 89 -3
76132950763578 76 0 89 -1
192189702072793 76 0 88 5
43624928083462 76 0 89 -1
59824000579097 76 0 89 -1
190860223213255 76 0 89 10
137992103715709 76 0 90 7
133042357063483 76 0 90 14
81197941630699 76 0 89 5
10533383181302 76 0 88 12
26674867720717 76 0 88 -7
143569381708768 76 0 89 2
176096492920672 76 0 89 11
137032052963355 76 0 88 -11
183967743908971 76 0 90 -9
206082432826450 76 0 90 -12
250274183570102 76 0 87 -14
42812456017057 76 0 89 0
42971555708305 76 0 88 -5
16073340818285 76 0 87 13
242563531852917 76 0 89 11
7254458959501 76 0 90 -5
217868315494251 76 0 90 -2
254937690888031 76 0 89 8
70229965590777 76 0 89 -4
90926351475270 76 0 89 1
203146497091534 76 0 89 1
23860192801247 76 0 89 -7
244899560139890 76 0 88 14
117480821877070 76 0 90 6
102965864240527 76 0 89 -8
238999800647335 76 0 88 9
55387133603585 77 0 88 9
261107352299247 77 0 91 3
38872761555291 77 0 91 4
44842091380485 77 0 88 9
89954689731990 77 0 88 5
272614628845233 77 0 88 -7
199625902042826 77 0 90 -6
246235253872455 77 0 90 1
25672222848892 77 0 89 0
122063607521405 77 0 89 12
71262394007383 77 0 91 -10
4112842469032 77 0 89 1
20635038949902 77 0 91 -8
182374386137831 77 0 91 9
158924703379637 77 0 90 10
123147142833058 77 0 90 0
244356458215775 77 0 91 -13
62345554872882 77 0 91 -8
26360290273022 77 0 90 -8
274503213402522 77 0 89 -7
115946079467665 77 0 91 6
258847640183751 77 0 91 11
60039829918573 77 0 91 10
153000900404553 77 0 89 9
117636379111298 77 0 90 -14
106201914945450 77 0 90 6
16040272368624 77 0 90 -10
20447259774621 77 0 91 -5
170023929704439 77 0 90 -9
7620193724882 77 0 91 -11
112337512999125 77 0 90 -12
155640367287742 77 0 90 9
251810469954989 77 0 90 13
177558059557984 77 0 90 10
106674714225446 77 0 91 4
37476042505084 77 0 91 -1
281040888978157 77 0 89 -10
67762933346562 77 0 91 -9
12483388461579 77 0 91 2
249954741361606 77 0 90 -4
196431358403739 77 0 91 -11
88595367474273 77 0 89 4
160307268450099 77 0 87 14
17816411849064 77 0 90 -2
74054810352976 77 0 89 6
281337662398856 77 0 90 12
111886988012491 77 0 91 12
69604647311153 77 0 89 1
225609510376374 77 0 88 -8
65926215261350 77 0 89 14
236491202414810 77 0 90 -11
239928984399422 77 0 90 -7
21958393002341 77 0 90 -6
89199893260536 77 0 89 -11
95784914736339 77 0 90 -9
117847921123989 77 0 88 -12
238764584487990 77 0 91 8
50421490641074 77 0 89 4
249911018930042 77 0 89 11
8499866793045 77 0 91 -9
163685119609586 77 0 91 2
210321444097877 77 0 91 -13
219889790888988 77 0 89 -13
176013304279786 77 0 91 -12
87762130903917 77 0 91 6
271416540891558 77 0 90 14
194000262432713 77 0 90 11
215182583235228 78 0 92 -7
263014246157596 78 0 92 7
167966116965750 78 0 91 -6
241716180061838 78 0 91 -13
225026612131830 78 0 90 -5
237062179785647 78 0 92 9
75976492047524 78 0 87 12
162568827746162 78 0 91 -8
242925638673277 78 0 88 1
240818138585654 78 0 92 -7
44140161981659 78 0 89 3
277584432228253 78 0 88 -11
30017696838809 78 0 91 1
71687098238579 78 0 88 11
113564112599877 78 0 88 -8
100093988134487 78 0 91 9
238708280223140 78 0 91 -8
68845510417102 78 0 91 -6
551577579186 78 0 91 2
149452983355066 78 0 89 0
251444624307622 78 0 92 14
104641990497581 78 0 90 8
7046280310033 78 0 88 14
75120634377016 78 0 92 10
151125762670988 78 0 92 8
122486274347278 78 0 89 11
50448637795056 78 0 88 8
33410560874866 78 0 88 -1
31286068003794 78 0 92 1
234476367817652 78 0 92 13
88907935301458 78 0 87 -12
231551405047204 78 0 92 -6
27920613898966 78 0 92 -7
165974217592746 78 0 90 -7
195951456156989 78 0 90 11
39393245558978 78 0 92 -14
177684892388550 78 0 90 -4
168519620823509 78 0 91 -7
78638546876955 78 0 88 1
276630509286349 78 0 90 13
11493190750750 78 0 90 10
236929711287580 78 0 90 9
85754582552714 78 0 91 -4
275848394935943 78 0 87 -14
114773354469505 78 0 92 11
158427107234999 78 0 91 6
64375300063977 78 0 91 8
33229365428612 78 0 89 -9
7341007432376 78 0 91 7
260291761924761 78 0 92 2
267373522195016 78 0 91 -12
232411581285175 78 0 91 -6
155495309227767 78 0 92 1
50513509285153 78 0 91 -7
193849937900471 78 0 89 3
37870408652871 78 0 89 12
230826694721618 78 0 91 5
163049303941732 78 0 91 -8
269774111550852 78 0 92 6
254721107798983 78 0 90 -8
31490510348241 78 0 90 1
162707611598137 78 0 89 3
270874640073550 78 0 92 -9
50715702529767 78 0 92 11
147724404441489 78 0 92 -11
131300537046731 78 0 91 -8
139440921697258 78 0 92 6
63812636213473 78 0 89 9
183079864778948 78 0 89 7
216269685469379 78 0 92 4
262430399155338 78 0 90 13
156997723713386 78 0 90 -5
56858325030347 78 0 88 9
267144267121946 78 0 89 11
210699148704781 78 0 89 -9
104222107715638 78 0 91 -2
141075226349325 78 0 92 12
43665584201465 78 0 88 -11
144761108022724 78 0 88 -14
128252117344511 78 0 92 -5
34452624820575 78 0 89 -4
47422214853789 78 0 92 -9
105433123301398 78 0 88 -13
96294915889409 78 0 89 10
108270744713222 78 0 91 6
257700472771659 78 0 91 -5
5944814503654 78 0 89 -5
159583815044043 78 0 89 10
137015054228227 78 0 90 -14
3317320919471 79 0 91 -11
38170784714765 79 0 92 13
164332304412816 79 0 91 7
95339269293490 79 0 88 -11
111092239279414 79 0 91 1
87106585397660 79 0 90 13
24544543883811 79 0 90 10
245019032411600 79 0 92 4
278309210244829 79 0 92 4
30051391966249 79 0 91 -4
241356464462847 79 0 89 -2
87642600179989 79 0 93 0
122297362179762 79 0 91 10
35703083912699 79 0 91 -11
203712839438343 79 0 88 10
52250788316000 79 0 89 9
30295410644372 79 0 93 8
92799921264933 79 0 90 -11
227140443941700 79 0 91 -11
255646689231221 79 0 89 -12
188281453538722 79 0 88 -13
220709805434163 79 0 89 -8
24044511053943 79 0 90 -9
45005166746449 79 0 90 -1
91507979388779 79 0 89 -10
8848280768399 79 0 92 9
271936773698166 79 0 93 -2
276049590862244 79 0 88 2
64772024491647 79 0 93 -6
50712466621054 79 0 91 -1
51431113665346 79 0 90 5
30837327035897 79 0 89 9
117461391493803 79 0 88 9
142390132656249 79 0 88 9
32869553978076 79 0 93 -12
165353546638928 79 0 90 2
146257522178251 79 0 90 14
185154491417165 79 0 89 14
175700797389002 79 0 91 11
29149720212736 79 0 93 -6
268842296933862 79 0 90 -13
71333982042278 79 0 93 -11
193029565901906 79 0 88 -9
81654385832396 79 0 89 -14
80796566015067 79 0 88 -9
99712737852756 79 0 91 3
47892323547400 79 0 91 5
58435856881113 79 0 92 10
231635257574664 79 0 89 -2
202205591769724 79 0 90 7
79835905612055 79 0 88 6
51884370409286 79 0 89 -6
94503188941949 79 0 92 14
4876383262978 79 0 91 -10
20203485802783 79 0 88 9
279582817362034 79 0 92 -6
9634182011174 79 0 90 0
114856432762638 79 0 92 8
212769266453737 79 0 92 -1
261676092350202 79 0 92 0
16082365521291 79 0 93 -6
173260249171472 79 0 92 11
60510306920650 79 0 93 -13
184125333911992 79 0 93 9
219015875323869 79 0 90 7
266167097315018 79 0 89 10
210591240803504 79 0 90 -12
206322566491226 79 0 92 0
22914449704993 79 0 90 5
215683469600961 79 0 87 12
128323773748404 79 0 92 -2
134215247737851 79 0 89 -9
187762495295211 79 0 91 -8
151654192742433 79 0 89 12
21974719426360 79 0 88 4
37094314354135 79 0 87 -11
259479492923001 79 0 91 8
64256138157520 79 0 88 -5
143952297609535 79 0 93 -7
125688515601126 79 0 89 1
105978598354898 79 0 90 -14
98652119824381 79 0 90 -4
239487681734764 79 0 89 2
137222250770978 79 0 90 2
84684083805620 79 0 93 -10
212420739687315 79 0 91 -3
25897281471621 79 0 92 -14
278293221882054 79 0 91 -1
255182819847896 79 0 91 -3
184640424033163 79 0 93 -5
91858005926415 79 0 92 -10
194741229372112 79 0 90 -6
100938441517153 79 0 91 -14
18916841300893 79 0 92 2
70651290564864 79 0 89 -9
238711209362107 79 0 90 14
226536380593652 79 0 90 6
281263881399236 80 0 94 14
91537594862591 80 0 90 -14
270643784721051 80 0 88 -1
10904137082486 80 0 88 7
84849204185820 80 0 93 5
20740514981336 80 0 92 13
84247532971280 80 0 94 -12
97053242648241 80 0 89 14
117384134649650 80 0 90 2
275039495005869 80 0 90 -6
235734175386193 80 0 89 -7
194712076406699 80 0 90 13
274358493004534 80 0 89 1
67648462665858 80 0 93 -9
67060839880488 80 0 93 4
8531628471707 80 0 91 14
145654830693366 80 0 89 10
8744278670060 80 0 89 7
152407101914814 80 0 92 5
3264023574427 80 0 89 10
165014253162646 80 0 90 -3
99041217436920 80 0 92 13
205421489664294 80 0 93 -9
106831192020483 80 0 91 -9
169425681506759 80 0 94 -2
51727352627175 80 0 93 -3
176304419798310 80 0 90 -8
186561221081422 80 0 90 10
234650894170228 80 0 94 12
98374921952441 80 0 92 5
97162215689452 80 0 94 12
218012204616764 80 0 91 5
218598254796137 80 0 93 8
204768117641842 80 0 91 5
186414082651340 80 0 92 -3
214710259961292 80 0 92 -4
142491067599516 80 0 94 -12
272690717392814 80 0 89 7
174525532636822 80 0 93 1
107536740373323 80 0 89 -10
205094032028630 80 0 94 12
156287289802809 80 0 88 13
37081091744720 80 0 90 3
219834064489809 80 0 94 1
90556743043954 80 0 90 8
250997409069441 80 0 90 8
19782309466131 80 0 88 11
162893407553413 80 0 90 2
58655480931730 80 0 93 11
128551430149744 80 0 90 12
222057176669515 80 0 91 -11
117408807248777 80 0 89 -13
82193927748871 80 0 93 -12
51457761185689 80 0 91 12
145909723796166 80 0 90 -10
259091997595378 80 0 88 9
166847195752403 80 0 89 -12
122815640155827 80 0 89 -13
145182462385267 80 0 90 -10
250791834738525 80 0 90 -7
207479301903162 80 0 89 -6
86770189032858 80 0 89 -11
258485492302569 80 0 91 0
180459716003589 80 0 91 0
52873416195100 80 0 93 -1
129633680707145 80 0 92 -12
170030623842932 80 0 94 -11
277780524459175 80 0 92 -6
130342670714476 80 0 92 14
67210702524157 80 0 89 -14
278736775222304 80 0 94 5
68142651576210 80 0 94 -4
18762766945815 80 0 88 14
201542736598451 80 0 90 3
136148513051953 80 0 94 9
60808106138371 80 0 91 1
274934078716465 80 0 89 -14
60107502230450 80 0 89 -12
5370892644093 80 0 90 -6
2455471877692 80 0 89 -13
254353095641535 80 0 89 -10
226109711257539 80 0 89 -4
4968113724347 80 0 92 11
7936622466267 80 0 93 -12
146638213257130 80 0 93 -14
219994103034369 80 0 88 6
273971977571100 80 0 88 9
148450926938285 80 0 88 -5
270186596321175 80 0 90 -11
93066914769278 80 0 89 -9
223013710955512 80 0 91 0
31807822531828 80 0 93 6
207526254861832 80 0 94 0
191467299276305 80 0 88 9
136864329790612 80 0 92 2
74247341177217 80 0 94 -6
5496879137503 80 0 90 5
111045312695065 80 0 88 -3
48718538216985 80 0 92 -2
76610696448819 80 0 92 -8
13685671081274 80 0 90 -5
146618016464624 80 0 92 10
100255210203108 80 0 92 -14
65996232414176 80 0 94 4
177986290633476 80 0 88 10
95876094205168 80 0 88 -9
175008850110504 80 0 91 -5
145646432302211 80 0 89 -4
229749849299083 80 0 90 -14
266382200516075 80 0 89 12
162450507648190 80 0 93 -12
95215713867346 80 0 89 5
187621080430813 80 0 92 0
26476420606967 80 0 88 8
269262131947231 80 0 92 -7
261265552080785 80 0 94 11
172550439586838 81 0 92 -12
264791574290934 81 0 94 14
9784593218101 81 0 92 -6
82874658878019 81 0 91 4
278243900026269 81 0 95 8
213957448309193 81 0 88 -7
167622834601553 81 0 95 8
101715729841757 81 0 94 1
7736630205453 81 0 89 7
110656627357236 81 0 92 -2
35379780669032 81 0 92 -6
231965102401823 81 0 94 6
112801642718280 81 0 92 -1
216496117104361 81 0 95 -1
21143056242047 81 0 89 12
124392349235773 81 0 91 8
125195030952492 81 0 93 -5
77989617750393 81 0 92 3
152085473488605 81 0 90 -6
230333433578688 81 0 94 5
207401443067560 81 0 89 3
216016312884608 81 0 93 2
245743731316700 81 0 94 11
235616201147857 81 0 91 3
44864056672758 81 0 91 -10
98859835447145 81 0 90 11
65140606680306 81 0 93 -5
82462651441997 81 0 92 -9
222094013593183 81 0 88 -5
61809508395045 81 0 88 4
176775463281716 81 0 88 -6
210706264185523 81 0 94 -9
224525435840325 81 0 93 7
7785757587464 81 0 93 -3
93195757226066 81 0 95 -10
47162204865719 81 0 94 -9
235415895197287 81 0 93 -3
121759190254915 81 0 94 -14
12237107638196 81 0 90 13
72685049256982 81 0 94 -5
136599570534424 81 0 90 -10
37910662456472 81 0 90 7
204105122765180 81 0 93 -2
17801661228703 81 0 91 -13
100449442824806 81 0 91 13
10974566737913 81 0 91 7
45504640587293 81 0 95 -7
85035247551753 81 0 91 -6
98311857032423 81 0 91 2
190678081301434 81 0 90 -5
110354234928437 81 0 90 9
48001391749771 81 0 95 3
250430930765653 81 0 89 5
108500753319947 81 0 89 9
238040376643241 81 0 88 -10
229786082391193 81 0 94 1
75368796864543 81 0 93 7
4757548096176 81 0 93 9
54501248857916 81 0 88 13
222965122896252 81 0 91 5
23418431077729 81 0 90 11
165677346718797 81 0 89 -13
39830110589366 81 0 91 -3
243283732427142 81 0 89 10
992835525233 81 0 89 -1
169829328863560 81 0 88 7
29306818326714 81 0 95 -11
45319141747493 81 0 91 9
225012228906748 81 0 95 5
240682723917244 81 0 89 -11
249803765605503 81 0 92 -13
195036715421478 81 0 89 10
145146182779873 81 0 91 12
56035036376245 81 0 88 3
262847784141889 81 0 93 11
262023557123145 81 0 95 -10
199915369739960 81 0 94 -12
238417445386061 81 0 90 -7
23112685721840 81 0 95 13
190280261152132 81 0 95 -11
131625021168379 81 0 90 9
141634082423945 81 0 95 -1
46711560005144 81 0 91 -7
282157894727 81 0 93 -7
105776021771713 81 0 95 -10
230449904604121 81 0 88 10
43223045934597 81 0 95 -10
169814992433349 81 0 92 2
131058536750849 81 0 93 7
44146302717286 81 0 89 -8
198728482524453 81 0 87 -14
59623081432598 81 0 87 -13
86816179943321 81 0 92 10
183720474666991 81 0 90 9
171737360459805 81 0 89 9
109707745535369 81 0 90 -1
7107915293670 81 0 95 -2
183901047731268 81 0 89 -2
70617428312030 81 0 88 13
109466575638139 81 0 94 -6
152310072547070 81 0 95 -10
75496425193958 81 0 93 3
95726633769816 81 0 93 12
209726519974095 81 0 95 -8
128436835618115 81 0 95 12
107792930787232 81 0 91 14
262491942721676 81 0 94 -3
95057876233837 81 0 93 7
122934387955291 81 0 94 1
26514879687331 81 0 94 -5
83752327481384 81 0 88 -9
142692431393932 81 0 92 -13
179072910810347 81 0 91 -6
132755870095381 81 0 94 -11
153904917800610 81 0 88 -2
126776735960176 81 0 93 -7
242964102393846 81 0 91 -8
133249332743332 81 0 90 0
197555096633004 81 0 89 13
175451896132767 81 0 90 14
18130136214482 81 0 88 -10
110318549764635 81 0 94 -1
252453901435961 81 0 91 4
181057873340259 81 0 94 -5
164173704933278 81 0 92 -9
182146184699859 81 0 89 5
141085309189546 81 0 91 10
90885933002318 81 0 88 -12
171397783549605 81 0 88 5
141921948480709 81 0 92 10
20832333286085 81 0 88 3
149421785296172 81 0 91 2
68329243836701 81 0 94 -5
264306701988391 81 0 95 -2
183018897539167 81 0 90 2
74330604537960 81 0 88 9
273269989516289 81 0 93 -14
89954479998342 81 0 94 5
204001580525892 82 0 91 9
37110185527921 82 0 89 10
94850262118358 82 0 96 11
138678563388027 82 0 88 7
231487297489146 82 0 93 5
117665402803870 82 0 89 -4
107699756994651 82 0 90 6
59252344165060 82 0 94 -11
182273471959999 82 0 96 11
43978756787450 82 0 96 1
85289853243682 82 0 90 8
57458511188473 82 0 92 2
236803444553587 82 0 89 7
213998639564236 82 0 90 11
211106265431164 82 0 96 -12
158899539468727 82 0 91 2
98522856163696 82 0 95 0
225618684084275 82 0 92 1
233228261171680 82 0 96 -4
88051926756710 82 0 91 -9
261053206122649 82 0 93 4
130368485901046 82 0 90 -9
33246469305344 82 0 91 7
159418615151436 82 0 94 -7
93207653306591 82 0 94 -9
269200848383116 82 0 90 -8
152329743015448 82 0 90 -12
82984754041993 82 0 91 -5
95702403864059 82 0 90 -14
54733650874912 82 0 93 4
88323783813330 82 0 95 -6
271792721238747 82 0 92 10
52772360522101 82 0 96 -11
54065641154270 82 0 96 3
267253917950933 82 0 95 3
178002422442532 82 0 94 -2
69530136010397 82 0 94 0
211271794448944 82 0 89 -14
240002140627334 82 0 96 9
5520466296596 82 0 88 8
148062645137475 82 0 96 -2
224696296224079 82 0 92 0
129574925326454 82 0 92 6
89701370210771 82 0 96 -6
58547818906691 82 0 92 -3
86089670761514 82 0 94 -2
85352632358175 82 0 91 0
245926047057567 82 0 96 2
158548177077878 82 0 92 -7
69500147149263 82 0 94 -4
32285224810023 82 0 95 -13
97097913333007 82 0 94 13
259305061332269 82 0 95 -2
28320609027012 82 0 94 -7
84314710602892 82 0 88 8
276751382687595 82 0 88 6
197942056597943 82 0 96 -12
104007954614658 82 0 91 8
99156928619935 82 0 95 11
63476724651534 82 0 91 12
77740824665920 82 0 91 1
126910036716902 82 0 94 3
65324653746603 82 0 88 14
241020961807254 82 0 96 -12
233116163986249 82 0 91 -12
205104944757854 82 0 94 11
228675796473170 82 0 92 -14
170616982851357 82 0 94 7
188274715308397 82 0 91 9
244347293971125 82 0 89 -1
103945937117672 82 0 91 10
269424787932450 82 0 91 6
38745510844100 82 0 95 -5
141047663973689 82 0 89 11
147630147770960 82 0 91 8
263019224211755 82 0 89 -12
222235052734748 82 0 94 -12
197844337272900 82 0 95 8
26334875533796 82 0 90 7
145377163203429 82 0 89 -13
83931409381666 82 0 94 -12
235056150305853 82 0 92 -9
192852249616613 82 0 89 4
239806031813859 82 0 91 6
239837552704461 82 0 89 1
262649068305702 82 0 93 1
36672624075774 82 0 96 -8
267728392695946 82 0 95 -8
87536283667188 82 0 94 12
266153145416007 82 0 91 14
146142819251902 82 0 89 4
217556604908629 82 0 93 -12
90467054293459 82 0 93 -14
146733160677320 82 0 91 10
281000456132849 82 0 88 -11
209190645945524 82 0 93 -12
276783627502251 82 0 95 11
10526671258574 82 0 89 6
116240919056223 82 0 90 -7
217149795942562 82 0 96 14
198197000364538 82 0 89 13
136613395980028 82 0 93 -14
234406547125777 82 0 94 -11
22148629760978 82 0 95 0
107158241788194 82 0 93 9
229849879845484 82 0 93 3
191058950271198 82 0 92 -5
150689183144643 82 0 94 13
143657067850339 82 0 91 -11
140830819081732 82 0 93 -7
215413804701170 82 0 88 13
106108005463539 82 0 88 -2
255661373470547 82 0 93 -6
181542469637794 82 0 88 7
229716158215098 82 0 89 -6
260881835844626 82 0 93 9
237493287012396 82 0 96 -11
190013419277499 82 0 94 7
47228078764682 82 0 88 -2
133272670780295 82 0 89 10
249819937740981 82 0 87 13
211498156204598 82 0 95 11
252047195276856 82 0 90 13
22960377953150 82 0 92 -3
157060968999314 82 0 96 -5
116285136361864 82 0 93 -1
260557962754888 82 0 91 2
267049526014879 82 0 96 14
210093796899 82 0 94 -3
154887107497434 82 0 95 13
107504401673927 82 0 92 10
87440546116259 82 0 89 7
12681806118148 82 0 96 0
97857445714907 82 0 92 -6
114206144783241 82 0 90 11
64966217343452 82 0 89 -8
135699434133943 82 0 90 -3
98949708368858 82 0 94 5
258624107570226 82 0 89 9
70874324211122 82 0 93 -6
20057333128737 82 0 95 10
108036890220451 82 0 92 -8
148520589405852 82 0 90 14
114891632658611 82 0 88 12
178573587293955 82 0 94 7
133340450651967 82 0 89 -5
4476122952658 82 0 96 10
141355114455794 82 0 91 -5
163239138470859 82 0 96 -8
102337688408945 82 0 88 -4
146548388187887 82 0 89 2
180692704190186 82 0 95 7
239459554242939 82 0 89 -8
135648215595571 82 0 94 2
270429087834494 82 0 88 -9
98589582368668 82 0 93 -13
72815131026153 82 0 94 9
127688900059652 82 0 93 -7
12556896040087 82 0 93 -13
73099637939767 82 0 90 -11
8950790892025 82 0 95 -14
55291312000142 83 0 90 -4
153261564955900 83 0 92 10
163007183387523 83 0 94 -9
268049148151020 83 0 96 -12
186801955494136 83 0 95 -13
92384218312337 83 0 92 3
40910234707555 83 0 93 -8
31977624991867 83 0 88 -10
234239498442524 83 0 90 1
131563061577427 83 0 91 1
9640588627250 83 0 95 3
249054792672948 83 0 94 6
246276501751716 83 0 94 -5
12960882367445 83 0 89 3
19337167602376 83 0 92 -14
137846697895752 83 0 88 5
267971096974400 83 0 96 -12
220983496682242 83 0 95 13
143371003083127 83 0 96 9
249310615080657 83 0 88 -9
141348229222242 83 0 90 14
89042394430442 83 0 94 -13
43428846547101 83 0 90 5
78573369969937 83 0 93 9
247592101666311 83 0 90 2
149078477146324 83 0 88 14
171546254066113 83 0 97 -10
85102446161743 83 0 96 -1
102895976273122 83 0 94 14
241772410652821 83 0 87 -13
196727220025807 83 0 90 2
119762982481573 83 0 97 8
43596578965141 83 0 96 -4
250770256380649 83 0 96 12
118839474772956 83 0 92 10
198694972505393 83 0 95 14
167367893904984 83 0 91 -7
169400704265659 83 0 96 6
53008982517324 83 0 88 -8
208925521693693 83 0 91 -10
128905642491391 83 0 88 -11
59129427076308 83 0 90 4
236241320398396 83 0 88 5
16099585085910 83 0 93 -12
179343152734113 83 0 95 -1
67247390165655 83 0 91 14
260551010757315 83 0 88 -11
154077646169246 83 0 92 14
137548587569084 83 0 88 7
69295432637977 83 0 96 5
159586777824039 83 0 89 12
204084446802826 83 0 93 -12
169840834258781 83 0 93 14
30777947411621 83 0 91 -2
210039546916520 83 0 90 -4
5790152825937 83 0 96 -2
106507302368075 83 0 91 -6
165466923788800 83 0 95 -9
278427128354085 83 0 93 8
201510489426865 83 0 89 12
275460581538255 83 0 89 -6
99905282742203 83 0 97 0
66622160783830 83 0 95 -8
75927573768615 83 0 96 -1
117576708467088 83 0 88 12
193199916339171 83 0 88 13
253400401966815 83 0 90 1
58106032685406 83 0 97 -8
130325001313608 83 0 91 -1
69423698656734 83 0 92 -9
201553624199965 83 0 93 -2
252622305280069 83 0 91 13
98121904105138 83 0 92 3
154525051681683 83 0 94 -6
276001882903546 83 0 94 13
234149343473643 83 0 87 -14
122063517981820 83 0 97 -1
182133184449609 83 0 88 7
78341072240492 83 0 96 -12
220790624456019 83 0 93 -14
115388966701158 83 0 95 10
169964768485919 83 0 89 13
148603607642191 83 0 94 0
110921133258505 83 0 89 5
30212537425844 83 0 88 6
139327776892062 83 0 96 -9
153225697708012 83 0 95 -11
107828900333314 83 0 91 13
76483521804022 83 0 92 13
179411178363026 83 0 94 -7
45920906957979 83 0 95 14
210968983069250 83 0 97 7
242712440610772 83 0 90 -1
150445767271520 83 0 91 8
206882018634440 83 0 94 4
162075280863875 83 0 95 4
18763700573786 83 0 88 -7
62169941454294 83 0 90 -7
213057184634210 83 0 93 3
118978020385096 83 0 97 -4
198955431157837 83 0 96 11
223993959972072 83 0 91 -12
234658663999900 83 0 88 9
167196866882649 83 0 94 14
213530608736682 83 0 97 10
174198187900684 83 0 92 -11
215953953939948 83 0 92 -8
194947036818555 83 0 90 13
30759716128094 83 0 94 8
162559122436729 83 0 89 12
71089044720211 83 0 92 12
193260409905710 83 0 95 3
89237711067539 83 0 92 0
22387247615855 83 0 96 9
200725500123311 83 0 94 -5
165305810302379 83 0 95 7
86218450201530 83 0 96 14
24021123916440 83 0 94 10
201142694900800 83 0 90 -13
103040530853128 83 0 89 -5
247616585466236 83 0 96 9
217486261414989 83 0 92 5
140855972918044 83 0 88 -14
123509126195956 83 0 89 6
50436882945793 83 0 89 -4
194997887805209 83 0 90 -1
213119662743340 83 0 96 -10
9564995156235 83 0 92 12
260550887608410 83 0 91 -7
234896903394576 83 0 92 7
192744447262908 83 0 93 3
179098536239024 83 0 88 -12
14739362872155 83 0 90 11
81982977396131 83 0 95 -4
254585790024431 83 0 96 -1
145945445139255 83 0 91 -1
64493933933903 83 0 92 7
189524494251448 83 0 95 -2
175271860909267 83 0 91 9
19363957441916 83 0 96 -13
84021239506610 83 0 91 1
104221123126395 83 0 88 -10
267294535475999 83 0 97 7
43421598817816 83 0 92 -14
262282986285673 83 0 95 -1
24484685488072 83 0 91 -8
269989600063742 83 0 88 -12
162268720052786 83 0 94 -9
269868634838160 83 0 96 13
